25
3 2 1 2 10 6
-1 1 -1
-1 5 -1
1 2 1 0
2 3 1 1
2 2 1 2 5 5
-1 -1
-1 -1
1 2 10 2
1 2 2 10
4 5 3 2 10 8
-1 2 1 -1
-1 100 100 -1
4 3 1 0
3 2 1 0
2 3 1 0
2 4 1 0
1 4 1 1
5 4 2 2 399 20
-1 1 1 1 -1
-1 100 100 100 -1
1 2 6 100
2 3 5 100
3 4 5 100
4 5 4 99
5 4 2 2 399 21
-1 1 1 1 -1
-1 100 100 100 -1
1 2 6 100
2 3 5 100
3 4 5 100
4 5 4 99
5 4 2 2 398 20
-1 1 1 1 -1
-1 100 100 100 -1
1 2 6 100
2 3 5 100
3 4 5 100
4 5 4 99
5 4 2 2 14865 19
-1 1 1 1 -1
-1 100 100 100 -1
1 2 6 100
2 3 5 100
3 4 5 100
4 5 4 99
7 21 3 5 100 11
-1 1 50 50 50 100 -1
-1 100 1 50 50 50 -1
-1 50 100 1 50 50 -1
-1 50 50 100 1 50 -1
-1 50 50 50 100 1 -1
1 2 1 0
1 3 1 0
1 4 1 0
1 5 1 0
1 6 1 0
1 7 1 0
2 3 1 0
2 4 1 0
2 5 1 0
2 6 1 0
2 7 1 0
3 4 1 0
3 5 1 0
3 6 1 0
3 7 1 0
4 5 1 0
4 6 1 0
4 7 1 0
5 6 1 0
5 7 1 0
6 7 1 0
9 20 1 3 100 50
-1 3 9 29 15 10 30 10 -1
-1 28 21 8 12 20 16 27 -1
-1 13 7 29 22 23 30 5 -1
3 8 3 9
9 6 2 9
3 9 4 0
5 3 2 7
7 8 4 5
8 2 1 8
3 6 4 4
5 7 1 8
3 8 4 3
4 2 3 9
8 3 3 5
5 1 1 4
5 7 1 0
2 5 3 4
9 1 2 9
3 6 4 2
6 5 3 0
6 4 4 5
4 2 1 9
7 1 2 2
9 20 1 3 100 50
-1 5 26 11 14 20 5 1 -1
-1 9 14 3 9 23 2 2 -1
-1 7 17 4 10 26 6 25 -1
6 7 2 6
7 1 1 0
3 6 2 9
7 3 4 0
9 6 3 3
5 4 1 2
3 2 2 0
3 2 1 0
6 3 3 5
6 1 1 1
2 4 2 7
7 2 1 4
4 2 3 8
4 3 4 5
4 9 4 4
3 8 1 0
8 6 2 0
7 4 2 1
6 8 3 7
7 4 2 7
9 20 1 3 100 50
-1 12 4 27 30 15 26 27 -1
-1 7 29 14 14 24 17 2 -1
-1 6 15 1 28 7 29 29 -1
8 5 2 6
2 6 4 3
4 7 3 4
7 9 1 1
6 7 3 8
8 4 3 5
4 9 4 9
4 2 3 9
6 8 1 1
4 1 3 5
5 1 2 6
7 3 4 3
9 3 4 4
6 4 2 1
1 2 3 7
3 5 2 8
4 3 3 2
3 6 4 7
6 8 4 8
2 6 3 2
9 20 1 3 100 50
-1 5 18 28 24 16 9 25 -1
-1 17 20 27 7 7 30 26 -1
-1 16 18 13 18 2 1 14 -1
7 2 4 1
9 4 1 5
1 8 2 5
1 2 4 1
1 6 3 4
7 8 4 8
2 3 2 9
7 9 3 3
6 7 3 5
8 6 4 3
4 2 3 4
1 2 2 0
5 4 2 0
2 8 2 6
9 6 1 7
3 2 3 3
8 4 1 4
5 1 2 4
1 8 3 4
6 2 4 2
9 20 1 3 100 50
-1 2 6 1 11 29 8 5 -1
-1 8 6 22 7 16 17 21 -1
-1 13 7 22 9 12 18 18 -1
5 9 2 9
1 3 4 3
4 2 4 4
9 5 1 3
9 8 3 6
3 5 3 0
6 4 2 2
7 6 3 3
9 5 1 0
8 1 1 4
7 6 1 5
4 2 3 8
2 8 1 6
4 1 3 3
9 2 1 8
5 8 3 7
5 7 4 8
4 1 1 4
4 1 1 3
9 2 3 4
9 20 1 3 100 50
-1 30 23 3 30 7 3 25 -1
-1 2 23 13 5 18 19 27 -1
-1 27 23 1 13 13 12 23 -1
6 8 2 5
9 5 4 1
9 5 1 1
6 5 2 6
5 4 3 2
2 1 1 3
7 2 4 6
6 9 3 3
2 5 2 4
7 1 1 7
5 4 2 3
3 1 4 5
2 9 2 2
6 7 1 9
2 5 4 0
4 9 1 5
2 8 4 2
6 5 2 9
1 7 4 8
9 3 1 4
9 20 1 3 100 50
-1 23 19 12 29 16 1 13 -1
-1 3 8 24 18 25 10 15 -1
-1 29 21 6 13 20 30 7 -1
2 4 2 4
9 6 1 4
2 9 3 2
7 4 4 4
3 5 3 6
2 8 4 3
8 2 2 3
1 4 4 6
5 1 1 3
5 6 4 2
4 6 3 9
8 4 2 5
8 6 2 6
5 9 1 7
8 6 1 1
7 6 2 3
6 9 3 8
6 5 3 3
8 5 3 9
6 7 1 8
9 70 3 3 997 70
-1 56 10 36 42 10 8 9 -1
-1 35 41 29 28 44 41 25 -1
-1 49 42 55 19 40 13 17 -1
8 6 5 7
5 1 1 4
3 5 5 3
2 4 4 2
7 1 3 13
8 6 4 3
7 1 3 16
3 9 5 16
3 2 1 13
3 2 1 16
4 3 5 1
7 8 4 18
9 4 2 3
7 8 2 5
6 5 4 9
2 1 3 14
3 4 5 0
3 4 4 7
7 2 4 17
8 9 1 0
1 6 4 13
4 3 4 19
7 2 5 3
2 6 4 18
6 5 2 19
9 6 5 10
2 8 3 2
8 4 1 9
7 5 5 4
3 1 4 7
1 4 4 5
7 8 2 19
1 7 1 19
1 8 5 14
6 4 2 1
7 9 4 8
5 3 3 4
4 7 4 16
8 9 2 7
5 6 2 6
4 2 3 16
9 6 4 3
7 8 1 1
8 2 1 14
8 5 4 2
6 3 4 7
8 5 2 14
7 1 4 16
2 7 3 1
1 8 5 1
3 1 4 15
3 4 1 7
8 6 1 12
9 3 5 2
5 2 2 15
9 5 5 14
1 3 2 1
2 9 4 17
4 6 2 15
1 4 4 8
5 3 4 16
7 4 5 3
3 5 1 11
4 6 1 12
3 8 4 15
8 5 2 19
1 6 3 1
9 8 3 17
7 3 4 4
8 2 2 16
9 70 3 3 997 70
-1 35 50 53 9 40 57 23 -1
-1 39 23 38 47 36 41 6 -1
-1 37 2 36 58 47 26 8 -1
8 5 5 12
4 7 4 13
2 1 2 10
8 5 1 7
3 9 4 4
3 4 1 8
9 6 2 11
4 6 2 12
2 4 5 8
9 7 1 10
6 2 1 18
2 3 4 19
5 7 3 0
3 9 4 19
4 6 3 4
7 5 4 3
2 3 1 10
7 1 2 15
4 1 4 17
2 8 4 9
5 3 2 12
3 8 2 11
2 8 3 19
1 5 5 1
5 3 4 15
4 9 3 2
9 1 5 9
8 9 1 13
9 7 1 3
3 1 4 3
9 2 1 13
7 9 4 9
6 3 5 3
8 2 2 17
7 9 5 8
9 4 1 9
3 7 5 12
1 4 1 6
1 5 5 19
9 3 3 16
4 7 2 15
8 5 5 7
2 1 1 2
4 1 3 5
8 2 4 8
2 1 5 6
7 1 4 10
4 7 3 5
3 8 1 8
1 7 1 14
1 8 4 5
6 9 4 12
1 5 1 6
3 4 5 10
3 8 3 16
5 2 3 0
1 4 1 0
1 5 2 12
3 6 5 1
6 8 4 18
1 5 2 10
6 3 1 16
2 8 1 13
9 7 1 19
1 7 2 3
2 9 3 12
3 7 4 13
4 7 3 7
9 4 1 3
5 6 3 16
9 70 3 3 997 70
-1 8 38 22 20 57 8 11 -1
-1 40 6 43 23 28 13 10 -1
-1 20 27 38 26 13 11 53 -1
7 2 5 0
4 3 3 4
6 7 4 15
8 9 5 11
1 5 1 2
3 5 4 9
6 8 5 8
1 2 5 13
3 5 4 8
8 2 5 7
8 2 5 19
8 7 3 11
3 1 5 5
7 5 2 11
2 1 5 4
7 1 2 14
6 8 1 1
8 2 2 18
5 4 5 6
9 4 4 13
3 4 4 18
6 3 5 4
3 2 1 11
9 1 1 17
9 8 1 3
7 2 2 10
5 6 3 13
8 2 2 12
3 5 1 5
5 6 5 14
7 2 1 18
2 1 1 11
8 3 5 11
2 1 1 10
8 4 5 10
5 4 3 17
1 7 2 7
9 6 2 4
9 3 1 8
3 8 4 4
8 7 1 6
7 1 2 6
3 9 4 1
3 1 4 4
5 3 2 14
8 2 4 14
5 2 4 18
9 8 5 1
3 1 3 9
8 1 3 18
9 4 2 13
2 8 5 9
1 8 4 14
1 3 4 9
4 5 4 6
5 7 1 16
3 2 1 16
2 9 5 6
4 9 2 17
5 9 5 1
9 5 4 14
7 1 2 12
4 1 2 17
8 2 1 14
1 3 2 6
3 1 2 4
3 2 1 5
2 5 2 10
4 6 2 16
7 9 5 15
10 80 2 3 997 100
-1 19 49 29 48 34 23 7 57 -1
-1 6 5 15 42 30 1 6 50 -1
-1 56 11 8 38 50 34 60 47 -1
6 1 15 9
8 7 8 16
5 6 11 0
1 2 7 5
7 1 14 7
4 5 2 10
7 4 8 7
9 6 2 8
1 8 4 18
5 3 15 4
3 1 5 0
4 8 3 6
4 7 2 12
2 7 15 12
5 6 9 15
8 4 11 2
10 5 11 4
9 3 12 9
6 10 12 14
8 3 6 6
5 3 14 6
9 1 2 15
8 4 14 4
8 5 4 7
1 2 8 8
1 8 1 9
4 10 2 14
6 8 1 9
3 9 11 13
7 6 11 19
5 6 10 13
2 3 14 3
5 8 7 6
7 4 1 19
4 9 11 8
8 6 1 10
4 1 4 9
6 2 2 0
1 6 9 2
1 7 4 17
1 6 9 13
3 7 14 18
8 1 11 17
3 2 10 15
1 5 12 13
7 4 1 3
10 1 9 15
9 1 8 15
4 2 11 7
10 4 11 8
6 2 3 8
3 7 6 4
2 9 1 7
3 6 1 3
6 9 7 5
9 2 11 11
4 8 11 6
6 2 13 6
9 3 11 5
8 7 14 6
7 8 1 4
10 4 7 14
4 8 10 13
2 5 15 18
8 4 9 18
8 2 7 19
4 9 11 11
7 9 4 2
8 4 5 1
8 2 8 12
5 4 3 11
5 10 8 11
2 1 8 6
5 1 7 17
8 6 2 7
8 6 12 11
10 9 6 11
1 2 13 9
3 2 4 6
3 8 15 5
10 80 2 3 997 100
-1 1 44 13 47 7 49 4 56 -1
-1 36 42 3 14 8 44 17 39 -1
-1 24 52 10 17 14 29 26 6 -1
2 5 5 8
6 10 1 1
4 7 8 2
3 8 9 4
3 9 10 0
2 1 3 19
6 1 1 13
5 7 8 8
7 5 15 7
6 4 1 2
8 7 7 3
2 10 13 1
1 9 15 2
3 5 14 2
10 2 7 7
1 7 9 6
7 3 13 11
9 7 14 17
6 7 11 18
8 9 15 7
9 6 11 0
10 1 5 0
2 4 8 3
10 4 10 7
8 4 6 7
3 9 6 17
8 6 10 7
7 3 13 1
5 10 9 14
5 4 8 7
4 1 14 18
2 9 6 17
9 6 12 19
3 1 12 1
8 1 10 3
3 9 12 18
9 10 8 2
6 10 2 8
2 9 1 9
6 5 4 0
6 8 3 15
4 5 3 5
6 8 4 3
6 9 4 17
2 8 3 2
9 3 10 2
1 2 12 15
6 2 12 0
9 1 8 3
5 2 10 1
9 10 3 5
8 1 3 0
9 5 14 8
9 10 6 8
1 3 2 5
4 5 3 14
5 10 12 15
1 3 11 1
2 1 5 2
6 10 11 11
5 9 11 3
10 1 4 13
7 1 14 2
8 5 8 3
5 1 9 6
5 6 9 16
9 8 4 3
9 1 5 15
1 7 4 1
8 5 5 13
5 6 7 14
10 6 13 5
8 9 8 11
4 1 13 13
10 8 9 19
10 6 7 10
2 6 7 18
10 7 5 15
4 3 10 2
8 1 15 7
100 200 4 5 100000 200
-1 65 68 11 97 88 97 98 97 45 97 57 80 96 67 24 81 38 2 62 36 86 69 89 90 59 84 97 18 76 73 45 40 93 7 36 32 55 33 28 100 81 84 31 76 2 54 8 40 8 69 27 45 38 68 35 48 51 83 17 26 56 13 17 100 71 52 31 26 36 58 77 68 94 7 44 95 13 3 86 20 72 13 64 61 80 98 60 82 81 76 59 88 40 75 39 10 78 69 -1
-1 35 13 78 11 80 71 70 75 18 82 78 3 1 1 67 16 13 46 66 24 79 46 99 37 85 90 11 23 99 88 43 86 52 20 48 84 43 17 10 60 98 87 14 50 39 81 18 3 78 83 26 57 80 76 93 64 65 56 38 64 95 80 1 47 51 48 82 93 65 91 4 14 78 70 16 68 2 33 71 79 67 96 87 46 72 32 9 88 87 98 3 81 77 3 79 79 51 60 -1
-1 24 15 51 79 80 80 48 95 47 49 79 69 80 45 17 66 90 40 97 50 27 35 47 30 68 75 84 46 6 34 58 29 100 8 7 80 87 7 26 85 7 57 6 86 1 22 4 43 61 52 44 39 39 43 20 6 69 4 51 74 37 8 2 89 67 61 20 5 67 45 90 73 1 47 11 54 68 66 96 80 17 91 18 7 33 38 12 2 41 15 75 29 74 29 17 41 89 88 -1
-1 45 7 33 86 79 85 32 41 90 51 6 37 30 75 28 100 81 60 37 45 61 29 59 88 9 84 16 78 24 56 65 21 62 49 58 92 34 42 33 75 92 90 12 74 16 39 73 49 50 61 93 63 41 3 50 1 86 17 78 62 72 95 34 33 43 91 24 28 32 8 3 76 98 14 1 13 4 25 13 53 37 57 15 29 59 16 29 97 32 7 58 3 53 91 87 95 33 11 -1
-1 23 17 18 25 44 67 90 44 32 45 68 44 97 56 1 64 84 11 31 12 7 63 70 16 17 22 58 4 17 91 66 91 7 83 15 50 50 56 45 33 100 64 76 48 19 28 11 2 39 42 13 97 56 35 13 24 56 70 27 24 12 92 14 70 27 80 71 28 35 15 60 86 78 35 34 48 63 96 49 53 89 62 49 44 96 61 68 3 83 46 27 46 90 40 16 16 72 38 -1
43 6 3 1
92 34 6 76
82 2 5 29
54 61 3 2
56 90 1 74
93 49 8 70
95 62 8 61
77 33 6 70
91 55 6 33
89 11 5 21
65 33 8 17
93 46 8 0
35 87 7 78
87 99 4 80
60 63 1 87
95 45 3 36
99 33 3 38
44 79 6 59
12 63 3 55
8 49 5 93
87 35 1 72
33 25 3 44
87 99 2 33
95 42 8 45
26 92 9 68
70 96 6 32
58 57 6 16
57 48 5 94
34 86 6 18
11 24 5 48
75 98 8 68
91 56 4 16
47 50 1 67
97 65 6 5
73 93 3 80
40 35 4 25
21 93 4 30
69 58 9 94
55 65 6 45
20 81 1 65
30 98 3 77
14 85 4 37
77 56 9 68
90 92 1 61
37 44 4 45
75 51 6 90
65 97 1 44
10 27 3 7
59 55 4 95
37 11 5 43
28 92 7 71
85 47 9 72
91 16 3 16
18 70 4 33
66 68 5 75
94 8 7 3
63 7 8 50
17 23 9 96
14 32 2 98
30 79 5 19
46 41 3 62
10 94 8 26
61 78 9 5
86 88 8 47
47 60 5 62
82 44 4 47
75 30 1 4
8 20 6 52
60 16 9 20
9 15 9 21
92 53 7 76
93 36 8 38
96 74 1 28
69 64 1 43
93 73 3 52
93 27 2 3
42 24 3 2
90 76 2 80
28 2 1 71
90 85 4 84
10 63 7 78
78 41 9 21
65 73 7 56
51 83 5 92
58 37 2 46
12 70 8 90
71 88 6 59
25 24 1 33
86 13 3 14
5 85 8 68
9 62 1 59
44 38 2 0
26 50 3 88
19 78 4 40
17 93 7 40
17 100 5 53
64 38 1 67
75 57 5 82
18 14 1 13
3 97 1 27
46 13 3 15
42 46 2 57
91 13 7 6
12 77 5 27
66 80 6 39
36 31 8 5
96 68 3 97
17 84 9 13
48 92 7 88
90 99 1 1
1 86 9 76
49 92 1 28
87 34 9 68
60 73 2 78
91 14 3 26
91 9 6 81
38 15 9 78
13 2 2 12
39 44 9 87
36 34 6 73
19 83 5 77
56 58 5 97
24 3 5 13
11 50 3 99
64 18 9 27
19 57 6 57
53 32 1 39
17 12 1 35
46 6 9 0
16 73 9 38
76 74 7 85
23 98 9 37
67 15 1 37
24 56 6 75
87 43 9 55
6 79 1 50
36 7 7 2
32 54 8 58
79 96 3 53
46 33 5 11
48 56 2 22
11 47 1 49
89 64 8 93
94 99 2 28
57 100 5 87
53 76 7 30
72 94 6 16
26 27 7 24
82 81 2 43
27 96 2 15
59 1 1 51
99 57 6 55
56 16 4 7
91 93 3 13
86 26 6 10
52 62 2 84
42 34 2 67
82 73 9 91
74 48 9 23
4 28 9 59
95 26 6 36
18 61 2 54
87 32 8 89
93 4 3 85
90 55 8 22
27 92 2 51
39 9 2 94
88 6 8 81
31 24 8 99
37 21 9 74
4 23 3 48
78 90 8 18
44 39 1 22
31 55 9 20
15 1 9 2
7 20 8 88
96 54 9 31
26 46 5 29
20 21 1 97
11 63 2 5
2 9 5 83
63 54 3 76
54 71 6 11
90 15 9 84
20 41 1 45
38 25 1 57
46 56 7 7
18 22 3 18
30 93 5 43
98 10 9 50
80 51 9 68
17 15 7 88
7 73 5 43
50 12 3 94
67 7 7 83
81 18 1 9
10 60 4 58
69 26 3 47
28 24 5 96
90 74 8 47
19 200 4 5 9097 200
-1 98 70 91 47 33 44 93 51 2 46 86 34 64 92 96 25 52 -1
-1 1 84 20 78 45 68 5 20 36 53 61 61 37 8 10 58 50 -1
-1 57 42 45 1 92 99 47 30 32 62 21 27 38 24 27 73 44 -1
-1 4 17 63 61 88 50 13 48 10 2 7 19 59 57 27 53 1 -1
-1 28 44 99 26 25 83 39 98 9 76 21 88 49 16 91 17 78 -1
1 11 3 15
2 19 1 10
2 4 3 36
3 4 4 24
17 5 3 1
19 11 4 6
7 12 3 33
1 9 2 41
19 12 3 32
12 17 1 37
2 3 2 29
3 1 2 49
2 11 1 10
18 16 3 19
8 12 4 3
1 5 4 23
16 13 4 34
8 18 4 33
1 9 2 38
8 16 4 24
18 16 2 13
16 2 3 23
10 1 1 18
16 6 4 36
1 9 3 3
16 3 1 34
8 14 1 39
10 9 4 4
2 7 4 25
8 12 3 38
10 11 3 11
16 8 2 19
13 3 3 29
5 3 4 44
14 10 4 8
15 6 4 40
19 14 3 29
17 19 1 3
1 17 2 5
6 11 4 41
19 8 4 9
7 19 2 33
5 10 4 42
12 8 1 20
18 3 1 40
2 7 1 2
4 18 4 8
9 4 4 30
8 5 3 38
2 9 2 21
15 16 2 18
1 15 3 25
17 2 3 41
9 8 2 41
6 18 2 46
19 7 2 9
9 13 4 45
2 4 1 8
16 7 1 34
2 4 2 43
3 18 3 20
6 3 4 26
17 6 2 2
9 12 1 34
5 15 4 1
18 9 4 8
15 5 1 10
6 18 4 25
13 11 4 27
13 5 4 8
10 19 3 43
8 1 2 5
13 14 4 34
19 5 2 41
10 9 4 24
4 7 4 29
17 11 1 23
15 10 2 34
10 12 2 26
10 11 3 18
2 15 3 34
16 12 2 29
2 14 2 34
1 13 2 40
4 8 2 15
18 14 4 31
6 19 4 17
10 2 4 14
13 5 3 2
16 3 4 28
16 7 4 43
19 14 4 0
3 8 4 45
2 14 1 37
13 16 1 31
7 8 4 32
1 14 3 29
7 2 4 40
17 7 4 2
12 6 3 11
18 8 4 18
3 17 3 22
10 18 2 46
6 9 1 16
3 9 2 43
8 15 2 28
18 5 3 23
7 4 1 9
11 19 4 34
14 13 4 47
11 6 4 18
14 3 1 30
11 16 4 39
11 18 1 23
19 16 1 40
1 19 2 42
18 19 4 26
9 17 3 38
19 10 3 42
9 3 1 32
18 7 2 37
5 12 1 46
6 12 2 41
11 8 4 32
4 2 2 4
15 8 3 9
14 11 4 12
13 17 2 28
6 16 4 13
12 2 2 34
2 3 1 19
6 13 1 4
8 16 3 16
17 11 4 42
16 1 3 1
14 8 3 8
5 7 4 39
5 14 4 45
13 1 3 28
10 19 3 5
15 3 4 47
11 7 2 42
7 15 3 34
19 18 2 5
5 11 1 19
3 12 2 28
5 14 1 39
14 5 3 4
8 3 3 37
1 8 3 11
1 16 3 40
10 9 4 34
18 6 4 22
17 15 1 16
6 4 4 16
5 13 3 2
16 15 2 24
3 16 2 23
12 9 2 10
14 15 2 48
1 18 3 15
13 8 2 32
12 13 3 2
4 10 3 29
2 4 4 26
1 10 4 21
15 19 3 27
14 7 2 14
2 10 2 45
17 18 2 8
8 10 2 37
16 2 3 17
6 15 4 48
2 18 2 1
14 18 3 2
2 3 1 8
12 19 4 29
14 9 1 10
15 5 2 12
3 14 2 49
6 15 2 11
13 18 1 41
13 2 2 11
1 3 4 5
19 13 3 17
18 16 4 21
1 19 4 14
13 18 4 38
13 12 2 10
10 17 4 8
15 14 1 6
9 1 2 18
12 4 3 32
9 6 1 35
19 3 3 44
7 13 4 12
12 11 1 38
14 8 4 41
2 17 3 21
14 10 2 27
40 200 4 5 19097 200
-1 49 69 11 10 68 79 47 51 63 30 45 10 51 28 23 21 23 71 61 70 30 9 13 61 17 63 34 40 31 23 18 79 43 80 88 11 10 35 -1
-1 61 72 64 57 81 14 37 55 86 11 78 47 80 7 7 45 19 23 59 52 14 89 75 83 68 69 62 7 79 71 93 91 94 8 100 75 73 88 -1
-1 81 59 98 58 57 78 17 63 74 35 37 32 87 50 21 13 33 40 81 46 46 12 17 91 54 10 98 5 36 71 92 17 81 90 26 37 19 94 -1
-1 51 92 29 39 23 67 88 95 31 72 34 63 18 32 74 86 22 80 47 71 84 35 41 28 3 21 17 28 9 35 22 11 26 2 49 100 68 89 -1
-1 95 98 12 80 60 81 11 86 66 84 17 65 55 52 99 47 79 1 68 95 80 76 81 53 39 6 54 39 6 73 27 52 22 91 31 34 71 94 -1
31 29 1 6
13 23 2 2
10 37 1 8
3 14 2 3
39 14 1 3
13 6 1 10
29 10 1 19
3 24 1 12
12 13 1 15
28 9 2 8
37 24 1 18
29 32 2 6
38 23 1 1
20 39 2 8
8 37 2 10
12 16 1 14
28 34 2 14
34 19 1 9
34 11 2 1
35 30 1 11
4 11 1 14
9 28 1 7
16 14 2 6
29 13 1 8
38 22 1 10
32 10 2 16
20 39 1 13
20 39 1 14
1 21 2 8
1 4 2 7
18 26 1 17
30 19 2 6
1 13 1 3
22 20 1 0
10 31 1 9
21 3 2 0
16 33 1 15
37 28 1 5
13 9 1 1
28 33 2 19
5 20 1 17
31 27 2 0
9 24 2 8
19 25 1 13
10 29 1 17
17 23 1 0
24 37 1 2
21 26 2 4
6 40 2 15
27 12 2 14
27 9 2 4
34 24 2 14
13 30 2 0
5 34 1 19
22 7 2 2
33 27 1 9
26 13 1 11
16 5 1 1
13 22 1 17
5 28 2 8
18 23 1 13
8 22 1 1
20 14 2 11
40 34 1 4
38 10 1 12
14 27 1 17
40 5 2 15
32 39 1 0
14 25 2 0
38 6 2 17
11 9 1 9
3 14 1 11
23 15 1 7
33 3 1 11
7 12 1 9
11 23 1 3
40 36 2 8
34 30 2 3
38 19 2 11
24 38 2 19
25 22 2 0
13 20 1 10
9 3 2 10
18 5 1 12
33 12 2 10
7 40 1 11
23 24 1 5
21 24 1 4
37 38 1 0
9 32 2 10
37 40 2 0
10 33 1 0
34 15 2 4
15 31 2 17
18 5 2 12
22 14 2 10
31 30 2 18
13 29 2 0
20 21 1 9
13 26 2 18
32 29 1 6
12 14 2 0
11 14 1 3
19 34 2 8
16 5 2 7
25 33 1 4
13 26 2 17
27 8 2 7
14 28 1 7
31 30 2 2
13 15 1 17
15 4 1 13
23 19 2 2
15 11 2 19
20 5 1 6
26 40 1 15
19 4 2 19
31 20 2 4
8 10 2 10
4 25 2 1
23 28 1 12
35 28 2 19
6 30 1 2
21 38 2 11
33 27 1 2
7 35 2 5
4 39 1 18
15 34 2 16
13 8 1 7
28 24 1 12
5 23 2 17
12 17 1 3
4 31 1 1
25 38 1 19
28 15 2 1
8 30 1 0
29 11 2 15
27 26 1 10
40 8 2 15
8 7 1 10
25 20 1 13
19 27 1 12
36 27 1 16
17 5 2 18
24 5 1 0
37 28 2 15
27 11 2 14
10 22 1 5
34 31 2 11
9 24 2 16
10 28 1 5
32 2 1 6
7 1 1 2
28 39 1 14
1 2 1 9
15 25 2 7
7 27 1 15
10 15 2 19
34 16 1 17
18 1 2 15
2 23 2 0
21 40 1 12
33 27 1 7
3 18 1 9
36 18 1 4
24 28 2 16
3 21 2 11
13 10 1 13
32 29 1 3
28 13 2 12
32 38 2 13
7 18 1 13
27 19 1 9
6 14 1 0
34 12 2 6
21 31 2 11
11 30 1 17
35 23 2 5
12 13 1 10
23 14 2 8
32 2 1 9
16 37 2 0
8 25 1 0
7 3 2 16
32 31 1 5
5 8 1 15
13 22 2 14
35 22 1 17
15 5 1 1
1 20 1 0
37 13 1 2
15 36 2 6
26 18 2 9
25 35 2 8
16 15 1 9
28 10 1 2
14 18 2 6
29 38 1 4
3 19 2 16
6 39 1 11
14 182 4 5 4096 199
-1 76 79 73 72 53 22 1 88 89 55 49 96 -1
-1 4 27 90 10 96 6 76 65 55 82 49 37 -1
-1 12 68 14 37 58 40 40 33 18 65 5 70 -1
-1 86 57 9 74 11 9 22 67 88 11 76 83 -1
-1 16 51 99 71 84 100 7 47 67 72 35 25 -1
1 2 2 34
1 3 4 48
1 4 1 4
1 5 1 55
1 6 1 38
1 7 2 51
1 8 5 42
1 9 5 46
1 10 3 4
1 11 1 40
1 12 5 19
1 13 1 9
1 14 4 56
2 1 1 16
2 3 1 49
2 4 1 31
2 5 4 1
2 6 2 33
2 7 1 41
2 8 2 6
2 9 3 14
2 10 5 11
2 11 4 58
2 12 3 20
2 13 3 49
2 14 1 28
3 1 4 2
3 2 3 58
3 4 5 52
3 5 1 19
3 6 2 27
3 7 3 57
3 8 4 53
3 9 3 34
3 10 1 35
3 11 3 47
3 12 5 21
3 13 1 37
3 14 5 39
4 1 1 21
4 2 4 42
4 3 5 29
4 5 1 26
4 6 3 36
4 7 1 34
4 8 3 43
4 9 3 29
4 10 1 22
4 11 5 55
4 12 4 41
4 13 1 20
4 14 1 12
5 1 2 10
5 2 2 0
5 3 5 23
5 4 4 18
5 6 2 54
5 7 3 43
5 8 3 6
5 9 5 22
5 10 2 58
5 11 2 35
5 12 5 38
5 13 5 33
5 14 4 38
6 1 1 56
6 2 1 27
6 3 4 32
6 4 4 41
6 5 5 19
6 7 1 38
6 8 3 11
6 9 5 16
6 10 2 37
6 11 1 5
6 12 2 48
6 13 1 49
6 14 4 14
7 1 4 4
7 2 3 53
7 3 5 54
7 4 5 25
7 5 3 49
7 6 3 52
7 8 2 13
7 9 2 28
7 10 2 41
7 11 5 8
7 12 5 17
7 13 1 4
7 14 3 28
8 1 3 9
8 2 4 7
8 3 4 46
8 4 3 2
8 5 5 46
8 6 3 21
8 7 4 11
8 9 3 0
8 10 1 25
8 11 5 6
8 12 4 57
8 13 5 24
8 14 1 29
9 1 2 42
9 2 4 55
9 3 2 26
9 4 5 29
9 5 1 27
9 6 3 37
9 7 1 38
9 8 2 19
9 10 2 19
9 11 3 54
9 12 3 17
9 13 5 18
9 14 1 13
10 1 3 55
10 2 5 5
10 3 5 11
10 4 3 57
10 5 2 50
10 6 1 11
10 7 2 41
10 8 1 18
10 9 1 0
10 11 5 18
10 12 2 40
10 13 4 33
10 14 2 42
11 1 1 38
11 2 1 6
11 3 4 59
11 4 2 12
11 5 5 17
11 6 4 52
11 7 5 22
11 8 5 22
11 9 4 46
11 10 4 3
11 12 2 5
11 13 2 37
11 14 5 7
12 1 4 54
12 2 2 36
12 3 2 23
12 4 5 28
12 5 2 57
12 6 3 14
12 7 1 32
12 8 2 33
12 9 2 38
12 10 1 50
12 11 1 20
12 13 4 55
12 14 2 25
13 1 3 12
13 2 3 16
13 3 2 12
13 4 1 44
13 5 5 46
13 6 4 3
13 7 2 29
13 8 4 34
13 9 2 3
13 10 4 7
13 11 4 14
13 12 1 16
13 14 2 37
14 1 2 25
14 2 5 52
14 3 3 17
14 4 2 36
14 5 4 0
14 6 5 36
14 7 5 30
14 8 3 44
14 9 1 21
14 10 5 18
14 11 1 50
14 12 2 45
14 13 5 50
3 0 2 2 5 10
-1 5 -1
-1 5 -1
