99
6 2 0 2 0 2 0
3 1 0 2 0 0 0
180 1 0 132 0 47 0
307 138 0 142 0 27 0
190 17 0 8 0 165 0
22 9 0 4 0 9 0
132 25 0 56 0 51 0
849 107 0 418 0 324 0
5 2 0 2 0 1 0
327 61 0 113 0 153 0
999 499 0 499 0 1 0
5 3 0 1 0 1 0
319 148 0 31 0 140 0
989 197 0 390 0 402 0
4 0 0 2 0 2 0
476 138 0 103 0 235 0
571 253 0 199 0 119 0
116 43 0 42 0 31 0
44 4 0 19 0 21 0
177 0 0 15 0 162 0
4 0 0 1 0 3 0
198 85 0 18 0 95 0
7 2 0 2 0 3 0
985 255 0 55 0 675 0
778 351 0 238 0 189 0
6 2 0 3 0 1 0
999 333 0 333 0 333 0
394 188 0 86 0 120 0
418 37 0 203 0 178 0
597 216 0 244 0 137 0
918 171 0 351 0 396 0
920 439 0 453 0 28 0
501 253 0 32 0 216 0
999 250 0 499 0 250 0
461 45 0 216 0 200 0
19 9 0 3 0 7 0
562 527 0 3 0 32 0
659 260 0 132 0 267 0
305 74 0 122 0 109 0
128 64 0 23 0 41 0
382 138 0 191 0 53 0
999 499 0 0 0 500 0
4 1 0 2 0 1 0
125 46 0 47 0 32 0
72 31 0 36 0 5 0
473 74 0 182 0 217 0
3 1 0 1 0 1 0
864 37 0 638 0 189 0
265 60 0 98 0 107 0
872 330 0 283 0 259 0
507 198 0 199 0 110 0
210 69 0 73 0 68 0
999 250 0 500 0 249 0
950 214 0 358 0 378 0
41 17 0 15 0 9 0
4 1 0 1 0 2 0
101 49 0 31 0 21 0
1000 333 0 334 0 333 0
1000 1 0 499 0 500 0
281 44 0 118 0 119 0
3 0 0 0 0 3 0
867 393 0 182 0 292 0
79 34 0 0 0 45 0
371 128 0 131 0 112 0
757 260 0 250 0 247 0
429 193 0 43 0 193 0
467 166 0 184 0 117 0
854 416 0 234 0 204 0
615 91 0 269 0 255 0
204 22 0 81 0 101 0
835 416 0 387 0 32 0
6 3 0 0 0 3 0
4 2 0 1 0 1 0
97 24 0 28 0 45 0
363 32 0 19 0 312 0
567 254 0 46 0 267 0
775 212 0 349 0 214 0
1000 250 0 500 0 250 0
279 106 0 96 0 77 0
706 351 0 170 0 185 0
503 248 0 63 0 192 0
388 107 0 121 0 160 0
405 181 0 159 0 65 0
186 2 0 91 0 93 0
1000 500 0 0 0 500 0
843 326 0 209 0 308 0
127 58 0 53 0 16 0
163 76 0 54 0 33 0
454 258 0 116 0 80 0
701 271 0 84 0 346 0
5 0 0 2 0 3 0
325 40 0 143 0 142 0
335 166 0 163 0 6 0
1000 501 0 0 0 499 0
342 161 0 97 0 84 0
623 131 0 195 0 297 0
551 211 0 216 0 124 0
376 150 0 40 0 186 0
907 365 0 289 0 253 0
